Assert.AreEqual(new int[] { 2, 3, 4, 6, 8, 9, 12, 16, 18, 24, 32, 36, 48, 72, 96, 144 }, kata.DivisionsAndDivisors(288));
Assert.AreEqual(new int[] { 2, 3, 4, 6, 8, 12, 16, 24, 32, 48, 64, 96, 128, 192 }, kata.DivisionsAndDivisors(384));
Assert.AreEqual(new int[] { 2, 3, 4, 6, 8, 9, 12, 16, 18, 24, 32, 36, 48, 64, 72, 96, 144, 192, 288 }, kata.DivisionsAndDivisors(576));
Assert.AreEqual(new int[] { 2, 3, 4, 6, 8, 9, 12, 16, 18, 24, 32, 36, 48, 64, 72, 96, 128, 144, 192, 288, 384, 576 }, kata.DivisionsAndDivisors(1152));
Assert.AreEqual(new int[] { 2, 3, 4, 6, 8, 9, 12, 16, 18, 24, 32, 36, 48, 64, 72, 96, 128, 144, 192, 256, 288, 384, 576, 768, 1152 }, kata.DivisionsAndDivisors(2304));
Assert.AreEqual(new int[] { 2, 3, 4, 6, 7, 8, 12, 14, 16, 21, 24, 28, 32, 42, 48, 56, 64, 84, 96, 112, 128, 168, 192, 224, 336, 384, 448, 672, 896, 1344 }, kata.DivisionsAndDivisors(2688));
Assert.AreEqual(new int[] { 2, 3, 4, 6, 7, 8, 12, 14, 16, 21, 24, 28, 32, 42, 48, 56, 64, 84, 96, 112, 128, 168, 192, 224, 256, 336, 384, 448, 672, 768, 896, 1344, 1792, 2688 }, kata.DivisionsAndDivisors(5376));
Assert.AreEqual(new int[] { 2, 3, 4, 6, 7, 8, 9, 12, 14, 16, 18, 21, 24, 28, 32, 36, 42, 48, 56, 63, 64, 72, 84, 96, 112, 126, 128, 144, 168, 192, 224, 252, 288, 336, 384, 448, 504, 576, 672, 896, 1008, 1152, 1344, 2016, 2688, 4032 }, kata.DivisionsAndDivisors(8064));
Assert.AreEqual(new int[] { 2, 3, 4, 6, 7, 8, 9, 12, 14, 16, 18, 21, 24, 28, 32, 36, 42, 48, 56, 63, 64, 72, 84, 96, 112, 126, 128, 144, 168, 192, 224, 252, 256, 288, 336, 384, 448, 504, 576, 672, 768, 896, 1008, 1152, 1344, 1792, 2016, 2304, 2688, 4032, 5376, 8064 }, kata.DivisionsAndDivisors(16128));
Assert.AreEqual(new int[] { 2, 3, 4, 5, 6, 7, 8, 9, 10, 12, 14, 15, 16, 18, 20, 21, 24, 28, 30, 32, 35, 36, 40, 42, 45, 48, 56, 60, 63, 64, 70, 72, 80, 84, 90, 96, 105, 112, 120, 126, 140, 144, 160, 168, 180, 192, 210, 224, 240, 252, 280, 288, 315, 320, 336, 360, 420, 448, 480, 504, 560, 576, 630, 672, 720, 840, 960, 1008, 1120, 1260, 1344, 1440, 1680, 2016, 2240, 2520, 2880, 3360, 4032, 5040, 6720, 10080 }, kata.DivisionsAndDivisors(20160));
Assert.AreEqual(new int[] { 2, 3, 4, 5, 6, 7, 8, 9, 10, 12, 14, 15, 16, 18, 20, 21, 24, 28, 30, 32, 35, 36, 40, 42, 45, 48, 56, 60, 63, 64, 70, 72, 80, 84, 90, 96, 105, 112, 120, 126, 128, 140, 144, 160, 168, 180, 192, 210, 224, 240, 252, 280, 288, 315, 320, 336, 360, 384, 420, 448, 480, 504, 560, 576, 630, 640, 672, 720, 840, 896, 960, 1008, 1120, 1152, 1260, 1344, 1440, 1680, 1920, 2016, 2240, 2520, 2688, 2880, 3360, 4032, 4480, 5040, 5760, 6720, 8064, 10080, 13440, 20160 }, kata.DivisionsAndDivisors(40320));
Assert.AreEqual(new int[] { 2, 3, 4, 5, 6, 8, 9, 10, 12, 15, 16, 18, 20, 24, 30, 32, 36, 40, 45, 48, 60, 64, 72, 80, 90, 96, 120, 128, 144, 160, 180, 192, 240, 256, 288, 320, 360, 384, 480, 512, 576, 640, 720, 768, 960, 1024, 1152, 1280, 1440, 1536, 1920, 2048, 2304, 2560, 2880, 3072, 3840, 4608, 5120, 5760, 6144, 7680, 9216, 10240, 11520, 15360, 18432, 23040, 30720, 46080 }, kata.DivisionsAndDivisors(92160));
Assert.AreEqual(new int[] { 2, 3, 4, 5, 6, 8, 9, 10, 12, 15, 16, 18, 20, 24, 30, 32, 36, 40, 45, 48, 60, 64, 72, 80, 90, 96, 120, 128, 144, 160, 180, 192, 240, 256, 288, 320, 360, 384, 480, 512, 576, 640, 720, 768, 960, 1024, 1152, 1280, 1440, 1536, 1920, 2048, 2304, 2560, 2880, 3072, 3840, 4096, 4608, 5120, 5760, 6144, 7680, 9216, 10240, 11520, 12288, 15360, 18432, 20480, 23040, 30720, 36864, 46080, 61440, 92160 }, kata.DivisionsAndDivisors(184320));
Assert.AreEqual(new int[] { 2, 3, 4, 5, 6, 8, 9, 10, 11, 12, 15, 16, 18, 20, 22, 23, 24, 30, 32, 33, 36, 40, 44, 45, 46, 48, 55, 60, 66, 69, 72, 80, 88, 90, 92, 96, 99, 110, 115, 120, 132, 138, 144, 160, 165, 176, 180, 184, 198, 207, 220, 230, 240, 253, 264, 276, 288, 330, 345, 352, 360, 368, 396, 414, 440, 460, 480, 495, 506, 528, 552, 660, 690, 720, 736, 759, 792, 828, 880, 920, 990, 1012, 1035, 1056, 1104, 1265, 1320, 1380, 1440, 1518, 1584, 1656, 1760, 1840, 1980, 2024, 2070, 2208, 2277, 2530, 2640, 2760, 3036, 3168, 3312, 3680, 3795, 3960, 4048, 4140, 4554, 5060, 5280, 5520, 6072, 6624, 7590, 7920, 8096, 8280, 9108, 10120, 11040, 11385, 12144, 15180, 15840, 16560, 18216, 20240, 22770, 24288, 30360, 33120, 36432, 40480, 45540, 60720, 72864, 91080, 121440, 182160 }, kata.DivisionsAndDivisors(364320));
Assert.AreEqual(new int[] { 2, 3, 4, 5, 6, 8, 9, 10, 12, 15, 16, 18, 20, 24, 30, 32, 36, 40, 45, 48, 60, 64, 72, 80, 90, 96, 120, 128, 144, 160, 180, 192, 240, 256, 288, 320, 360, 384, 480, 512, 576, 640, 720, 768, 960, 1024, 1152, 1280, 1440, 1536, 1920, 2048, 2304, 2560, 2880, 3072, 3840, 4096, 4608, 5120, 5760, 6144, 7680, 8192, 9216, 10240, 11520, 12288, 15360, 16384, 18432, 20480, 23040, 24576, 30720, 36864, 40960, 46080, 49152, 61440, 73728, 81920, 92160, 122880, 147456, 184320, 245760, 368640 }, kata.DivisionsAndDivisors(737280));
Assert.AreEqual(new int[] { 2, 3, 4, 5, 6, 8, 10, 12, 15, 16, 20, 24, 30, 32, 40, 48, 60, 64, 80, 96, 120, 128, 160, 192, 240, 256, 320, 384, 480, 512, 640, 768, 960, 1024, 1280, 1536, 1920, 2048, 2560, 3072, 3840, 4096, 5120, 6144, 7680, 8192, 10240, 12288, 15360, 16384, 20480, 24576, 30720, 32768, 40960, 49152, 61440, 65536, 81920, 98304, 122880, 163840, 196608, 245760, 327680, 491520 }, kata.DivisionsAndDivisors(983040));
Assert.AreEqual(new int[] { 2, 3, 4, 5, 6, 8, 10, 12, 15, 16, 20, 24, 30, 32, 40, 48, 60, 64, 80, 96, 120, 128, 160, 192, 240, 256, 320, 384, 480, 512, 640, 768, 960, 1024, 1280, 1536, 1920, 2048, 2560, 3072, 3840, 4096, 5120, 6144, 7680, 8192, 10240, 12288, 15360, 16384, 20480, 24576, 30720, 32768, 40960, 49152, 61440, 65536, 81920, 98304, 122880, 131072, 163840, 196608, 245760, 327680, 393216, 491520, 655360, 983040 }, kata.DivisionsAndDivisors(1966080));
Assert.AreEqual(new int[] { 2, 3, 4, 5, 6, 8, 9, 10, 12, 15, 16, 18, 20, 24, 27, 30, 32, 36, 40, 45, 48, 54, 60, 64, 72, 80, 90, 96, 108, 120, 128, 135, 144, 160, 180, 192, 216, 240, 256, 270, 288, 320, 360, 384, 432, 480, 512, 540, 576, 640, 720, 768, 864, 960, 1024, 1080, 1152, 1280, 1440, 1536, 1728, 1920, 2048, 2160, 2304, 2560, 2880, 3072, 3456, 3840, 4096, 4320, 4608, 5120, 5760, 6144, 6912, 7680, 8192, 8640, 9216, 10240, 11520, 12288, 13824, 15360, 16384, 17280, 18432, 20480, 23040, 24576, 27648, 30720, 32768, 34560, 36864, 40960, 46080, 49152, 55296, 61440, 69120, 73728, 81920, 92160, 98304, 110592, 122880, 138240, 147456, 163840, 184320, 221184, 245760, 276480, 294912, 368640, 442368, 491520, 552960, 737280, 884736, 1105920, 1474560, 2211840 }, kata.DivisionsAndDivisors(4423680));
Assert.AreEqual(new int[] { 3, 5 }, kata.DivisionsAndDivisors(15));
Assert.AreEqual(new int[] {  }, kata.DivisionsAndDivisors(2));
